urls <- c(
  "http://cmip.bcc.cma.cn/thredds/fileServer/cmip6_data/ScenarioMIP/BCC/BCC-CSM2-MR/ssp126/r1i1p1f1/Oday/tos/gn/v20190321/tos_Oday_BCC-CSM2-MR_ssp126_r1i1p1f1_gn_20150101-20241231.nc",
  "http://cmip.bcc.cma.cn/thredds/fileServer/cmip6_data/ScenarioMIP/BCC/BCC-CSM2-MR/ssp126/r1i1p1f1/Oday/tos/gn/v20190321/tos_Oday_BCC-CSM2-MR_ssp126_r1i1p1f1_gn_20250101-20341231.nc",
  "http://cmip.bcc.cma.cn/thredds/fileServer/cmip6_data/ScenarioMIP/BCC/BCC-CSM2-MR/ssp126/r1i1p1f1/Oday/tos/gn/v20190321/tos_Oday_BCC-CSM2-MR_ssp126_r1i1p1f1_gn_20350101-20441231.nc",
  "http://cmip.bcc.cma.cn/thredds/fileServer/cmip6_data/ScenarioMIP/BCC/BCC-CSM2-MR/ssp126/r1i1p1f1/Oday/tos/gn/v20190321/tos_Oday_BCC-CSM2-MR_ssp126_r1i1p1f1_gn_20450101-20541231.nc",
  "http://cmip.bcc.cma.cn/thredds/fileServer/cmip6_data/ScenarioMIP/BCC/BCC-CSM2-MR/ssp245/r1i1p1f1/Oday/tos/gn/v20190321/tos_Oday_BCC-CSM2-MR_ssp245_r1i1p1f1_gn_20150101-20241231.nc",
  "http://cmip.bcc.cma.cn/thredds/fileServer/cmip6_data/ScenarioMIP/BCC/BCC-CSM2-MR/ssp245/r1i1p1f1/Oday/tos/gn/v20190321/tos_Oday_BCC-CSM2-MR_ssp245_r1i1p1f1_gn_20250101-20341231.nc",
  "http://cmip.bcc.cma.cn/thredds/fileServer/cmip6_data/ScenarioMIP/BCC/BCC-CSM2-MR/ssp245/r1i1p1f1/Oday/tos/gn/v20190321/tos_Oday_BCC-CSM2-MR_ssp245_r1i1p1f1_gn_20350101-20441231.nc",
  "http://cmip.bcc.cma.cn/thredds/fileServer/cmip6_data/ScenarioMIP/BCC/BCC-CSM2-MR/ssp245/r1i1p1f1/Oday/tos/gn/v20190321/tos_Oday_BCC-CSM2-MR_ssp245_r1i1p1f1_gn_20450101-20541231.nc",
  "http://cmip.bcc.cma.cn/thredds/fileServer/cmip6_data/ScenarioMIP/BCC/BCC-CSM2-MR/ssp585/r1i1p1f1/Oday/tos/gn/v20190325/tos_Oday_BCC-CSM2-MR_ssp585_r1i1p1f1_gn_20150101-20241231.nc",
  "http://cmip.bcc.cma.cn/thredds/fileServer/cmip6_data/ScenarioMIP/BCC/BCC-CSM2-MR/ssp585/r1i1p1f1/Oday/tos/gn/v20190325/tos_Oday_BCC-CSM2-MR_ssp585_r1i1p1f1_gn_20250101-20341231.nc",
  "http://cmip.bcc.cma.cn/thredds/fileServer/cmip6_data/ScenarioMIP/BCC/BCC-CSM2-MR/ssp585/r1i1p1f1/Oday/tos/gn/v20190325/tos_Oday_BCC-CSM2-MR_ssp585_r1i1p1f1_gn_20350101-20441231.nc",
  "http://cmip.bcc.cma.cn/thredds/fileServer/cmip6_data/ScenarioMIP/BCC/BCC-CSM2-MR/ssp585/r1i1p1f1/Oday/tos/gn/v20190325/tos_Oday_BCC-CSM2-MR_ssp585_r1i1p1f1_gn_20450101-20541231.nc",
  "http://crd-esgf-drc.ec.gc.ca/thredds/fileServer/esgD_dataroot/AR6/CMIP6/ScenarioMIP/CCCma/CanESM5/ssp126/r1i1p1f1/Oday/tos/gn/v20190429/tos_Oday_CanESM5_ssp126_r1i1p1f1_gn_20150101-20201231.nc",
  "http://crd-esgf-drc.ec.gc.ca/thredds/fileServer/esgD_dataroot/AR6/CMIP6/ScenarioMIP/CCCma/CanESM5/ssp126/r1i1p1f1/Oday/tos/gn/v20190429/tos_Oday_CanESM5_ssp126_r1i1p1f1_gn_20210101-20301231.nc",
  "http://crd-esgf-drc.ec.gc.ca/thredds/fileServer/esgD_dataroot/AR6/CMIP6/ScenarioMIP/CCCma/CanESM5/ssp126/r1i1p1f1/Oday/tos/gn/v20190429/tos_Oday_CanESM5_ssp126_r1i1p1f1_gn_20310101-20401231.nc",
  "http://crd-esgf-drc.ec.gc.ca/thredds/fileServer/esgD_dataroot/AR6/CMIP6/ScenarioMIP/CCCma/CanESM5/ssp126/r1i1p1f1/Oday/tos/gn/v20190429/tos_Oday_CanESM5_ssp126_r1i1p1f1_gn_20410101-20501231.nc",
  "http://crd-esgf-drc.ec.gc.ca/thredds/fileServer/esgD_dataroot/AR6/CMIP6/ScenarioMIP/CCCma/CanESM5/ssp245/r1i1p1f1/Oday/tos/gn/v20190429/tos_Oday_CanESM5_ssp245_r1i1p1f1_gn_20150101-20201231.nc",
  "http://crd-esgf-drc.ec.gc.ca/thredds/fileServer/esgD_dataroot/AR6/CMIP6/ScenarioMIP/CCCma/CanESM5/ssp245/r1i1p1f1/Oday/tos/gn/v20190429/tos_Oday_CanESM5_ssp245_r1i1p1f1_gn_20210101-20301231.nc",
  "http://crd-esgf-drc.ec.gc.ca/thredds/fileServer/esgD_dataroot/AR6/CMIP6/ScenarioMIP/CCCma/CanESM5/ssp245/r1i1p1f1/Oday/tos/gn/v20190429/tos_Oday_CanESM5_ssp245_r1i1p1f1_gn_20310101-20401231.nc",
  "http://crd-esgf-drc.ec.gc.ca/thredds/fileServer/esgD_dataroot/AR6/CMIP6/ScenarioMIP/CCCma/CanESM5/ssp245/r1i1p1f1/Oday/tos/gn/v20190429/tos_Oday_CanESM5_ssp245_r1i1p1f1_gn_20410101-20501231.nc",
  "http://crd-esgf-drc.ec.gc.ca/thredds/fileServer/esgD_dataroot/AR6/CMIP6/ScenarioMIP/CCCma/CanESM5/ssp585/r1i1p1f1/Oday/tos/gn/v20190429/tos_Oday_CanESM5_ssp585_r1i1p1f1_gn_20150101-20201231.nc",
  "http://crd-esgf-drc.ec.gc.ca/thredds/fileServer/esgD_dataroot/AR6/CMIP6/ScenarioMIP/CCCma/CanESM5/ssp585/r1i1p1f1/Oday/tos/gn/v20190429/tos_Oday_CanESM5_ssp585_r1i1p1f1_gn_20210101-20301231.nc",
  "http://crd-esgf-drc.ec.gc.ca/thredds/fileServer/esgD_dataroot/AR6/CMIP6/ScenarioMIP/CCCma/CanESM5/ssp585/r1i1p1f1/Oday/tos/gn/v20190429/tos_Oday_CanESM5_ssp585_r1i1p1f1_gn_20310101-20401231.nc",
  "http://crd-esgf-drc.ec.gc.ca/thredds/fileServer/esgD_dataroot/AR6/CMIP6/ScenarioMIP/CCCma/CanESM5/ssp585/r1i1p1f1/Oday/tos/gn/v20190429/tos_Oday_CanESM5_ssp585_r1i1p1f1_gn_20410101-20501231.nc",
  "http://esgf-data02.diasjp.net/thredds/fileServer/esg_dataroot/CMIP6/ScenarioMIP/MIROC/MIROC6/ssp126/r1i1p1f1/Oday/tos/gn/v20191114/tos_Oday_MIROC6_ssp126_r1i1p1f1_gn_20150101-20241231.nc",
  "http://esgf-data02.diasjp.net/thredds/fileServer/esg_dataroot/CMIP6/ScenarioMIP/MIROC/MIROC6/ssp126/r1i1p1f1/Oday/tos/gn/v20191114/tos_Oday_MIROC6_ssp126_r1i1p1f1_gn_20250101-20341231.nc",
  "http://esgf-data02.diasjp.net/thredds/fileServer/esg_dataroot/CMIP6/ScenarioMIP/MIROC/MIROC6/ssp126/r1i1p1f1/Oday/tos/gn/v20191114/tos_Oday_MIROC6_ssp126_r1i1p1f1_gn_20350101-20441231.nc",
  "http://esgf-data02.diasjp.net/thredds/fileServer/esg_dataroot/CMIP6/ScenarioMIP/MIROC/MIROC6/ssp126/r1i1p1f1/Oday/tos/gn/v20191114/tos_Oday_MIROC6_ssp126_r1i1p1f1_gn_20450101-20541231.nc",
  "http://esgf-data02.diasjp.net/thredds/fileServer/esg_dataroot/CMIP6/ScenarioMIP/MIROC/MIROC6/ssp245/r1i1p1f1/Oday/tos/gn/v20191114/tos_Oday_MIROC6_ssp245_r1i1p1f1_gn_20150101-20241231.nc",
  "http://esgf-data02.diasjp.net/thredds/fileServer/esg_dataroot/CMIP6/ScenarioMIP/MIROC/MIROC6/ssp245/r1i1p1f1/Oday/tos/gn/v20191114/tos_Oday_MIROC6_ssp245_r1i1p1f1_gn_20250101-20341231.nc",
  "http://esgf-data02.diasjp.net/thredds/fileServer/esg_dataroot/CMIP6/ScenarioMIP/MIROC/MIROC6/ssp245/r1i1p1f1/Oday/tos/gn/v20191114/tos_Oday_MIROC6_ssp245_r1i1p1f1_gn_20350101-20441231.nc",
  "http://esgf-data02.diasjp.net/thredds/fileServer/esg_dataroot/CMIP6/ScenarioMIP/MIROC/MIROC6/ssp245/r1i1p1f1/Oday/tos/gn/v20191114/tos_Oday_MIROC6_ssp245_r1i1p1f1_gn_20450101-20541231.nc",
  "http://esgf-data02.diasjp.net/thredds/fileServer/esg_dataroot/CMIP6/ScenarioMIP/MIROC/MIROC6/ssp585/r1i1p1f1/Oday/tos/gn/v20191114/tos_Oday_MIROC6_ssp585_r1i1p1f1_gn_20150101-20241231.nc",
  "http://esgf-data02.diasjp.net/thredds/fileServer/esg_dataroot/CMIP6/ScenarioMIP/MIROC/MIROC6/ssp585/r1i1p1f1/Oday/tos/gn/v20191114/tos_Oday_MIROC6_ssp585_r1i1p1f1_gn_20250101-20341231.nc",
  "http://esgf-data02.diasjp.net/thredds/fileServer/esg_dataroot/CMIP6/ScenarioMIP/MIROC/MIROC6/ssp585/r1i1p1f1/Oday/tos/gn/v20191114/tos_Oday_MIROC6_ssp585_r1i1p1f1_gn_20350101-20441231.nc",
  "http://esgf-data02.diasjp.net/thredds/fileServer/esg_dataroot/CMIP6/ScenarioMIP/MIROC/MIROC6/ssp585/r1i1p1f1/Oday/tos/gn/v20191114/tos_Oday_MIROC6_ssp585_r1i1p1f1_gn_20450101-20541231.nc",
  "http://esgf-data03.diasjp.net/thredds/fileServer/esg_dataroot/CMIP6/ScenarioMIP/MRI/MRI-ESM2-0/ssp126/r1i1p1f1/Oday/tos/gn/v20210329/tos_Oday_MRI-ESM2-0_ssp126_r1i1p1f1_gn_20150101-20641231.nc",
  "http://esgf-data03.diasjp.net/thredds/fileServer/esg_dataroot/CMIP6/ScenarioMIP/MRI/MRI-ESM2-0/ssp245/r1i1p1f1/Oday/tos/gn/v20210329/tos_Oday_MRI-ESM2-0_ssp245_r1i1p1f1_gn_20150101-20641231.nc",
  "http://esgf-data03.diasjp.net/thredds/fileServer/esg_dataroot/CMIP6/ScenarioMIP/MRI/MRI-ESM2-0/ssp585/r1i1p1f1/Oday/tos/gn/v20210329/tos_Oday_MRI-ESM2-0_ssp585_r1i1p1f1_gn_20150101-20641231.nc",
  "http://esgdata.gfdl.noaa.gov/thredds/fileServer/gfdl_dataroot4/ScenarioMIP/NOAA-GFDL/GFDL-ESM4/ssp126/r1i1p1f1/Oday/tos/gr/v20180701/tos_Oday_GFDL-ESM4_ssp126_r1i1p1f1_gr_20150101-20241231.nc",
  "http://esgdata.gfdl.noaa.gov/thredds/fileServer/gfdl_dataroot4/ScenarioMIP/NOAA-GFDL/GFDL-ESM4/ssp126/r1i1p1f1/Oday/tos/gr/v20180701/tos_Oday_GFDL-ESM4_ssp126_r1i1p1f1_gr_20250101-20341231.nc",
